a: -1.00111001e1000
b: 1.101e11
X: 10011100100000000000000000000000000000000000000000000000000000000000000000000000000000000000000000000000000000000
Y: 11010000000000000000000000000000000000000000000000000000000000000000000000000000000000000000000000000000000000000
exp: 117
11000000100111011000100111011000100111011000100111011000100111011000100111011000100111011000100111011000100111011
exp: 4
-1.1000000100111011000100111011000100111011000100111011000100111011000100111011000100111011000100111011000100111011e100